route_id,service_id,trip_id,trip_short_name,direction_id,shape_id,trip_headsign
42954,312760397039,183990,5604,0,,Bellingham
42954,312760397039,183991,5605,1,,Seattle
42954,312760397039,183998,5622,0,,Bellingham
42954,312760397039,183999,5677,1,,Seattle
42954,312760397039,184033,5885,0,,Fresno
42933,312760397039,184043,6005,1,,Fraser
42933,312760397039,184044,6006,1,,Fraser
42933,312760397039,184166,6205,1,,Winter Park
42933,312760397039,184167,6206,1,,Winter Park
42956,306260397039,203847,364,1,171,Port Huron
42956,306560397039,203848,364,1,171,Port Huron
42956,306260397039,203853,365,0,172,Chicago
42956,306560397039,203854,365,0,172,Chicago
41042,106260487039,208317,473,1,318,New Haven
41042,206260396044,208315,473,1,318,New Haven
41042,106260487039,208347,475,1,318,New Haven
41044,106260487039,208367,479,1,315,New Haven
41044,106260487039,208388,494,0,316,Greenfield
41044,106260487039,208416,486,0,316,Greenfield
41042,206260396044,208345,475,1,318,New Haven
54,306260397039,205030,329,0,19,Milwaukee
41044,206260396044,208365,479,1,315,New Haven
41044,206260396044,208386,494,0,316,Greenfield
42954,312760397039,207656,5874,1,,Los Angeles
42951,312760397039,195509,301,1,256,St. Louis
42954,306260397039,203612,6394,0,,Norfolk
33820,203760396066,189444,8602,1,,Maricopa
33820,208460396067,189453,8901,0,,Phoenix
33820,203760396066,189456,8902,0,,Phoenix
23565,212760396066,189771,7103,0,,Los Alamos
23565,106460676067,189772,7103,0,,Los Alamos
23565,212760396066,189774,7104,1,,Lamy
23565,106460676067,189775,7104,1,,Lamy
23565,212760396066,189777,7203,1,,Lamy
23565,106460676067,189778,7203,1,,Lamy
23565,212760396066,189780,7204,0,,Los Alamos
23565,106460676067,189781,7204,0,,Los Alamos
23565,112760687039,189773,7103,0,,Los Alamos
23565,112760687039,189776,7104,1,,Lamy
23565,112760687039,189779,7203,1,,Lamy
23565,112760687039,189782,7204,0,,Los Alamos
42954,312760397039,194956,5014,1,,Emeryville
42912,112760707039,191735,8003,0,,Las Vegas
42912,212760396068,191733,8003,0,,Las Vegas
42912,101660696069,191734,8003,0,,Las Vegas
42996,312760397039,191395,26,1,386,Mobile Amtrak Sta
42996,312760397039,191397,24,1,386,Mobile Amtrak Sta
42996,312760397039,191399,23,0,387,New Orleans
42996,312760397039,191401,25,0,387,New Orleans
42912,103260686068,192130,8103,0,,Las Vegas
36921,312760397039,182246,234,1,245,New York
42951,312760397039,182346,307,1,256,St. Louis
54,312760397039,182361,341,0,19,Milwaukee
54,312760397039,182362,342,1,20,Chicago
54,300260397039,182363,343,0,19,Milwaukee
56,312760397039,182412,392,0,121,Chicago
56,312760397039,182413,393,1,122,Carbondale
42985,306460397039,185787,9484,0,,Baltimore
42985,306460397039,185795,9488,0,,Baltimore
42985,306460397039,185804,9493,1,,Washington
36921,312760397039,187864,281,0,279,Niagara Falls
68,312760397039,187868,63,0,350,Toronto
42985,306260397039,185852,9534,0,,Perryville
42948,306260397039,185910,9633,0,,Stamford
42985,306260397039,185917,9638,1,,Old Saybrook
42985,306260397039,185930,9654,0,,Perryville
42985,306460397039,185933,9677,1,,Washington
42985,306460397039,185935,9681,1,,Washington
42985,306460397039,185936,9683,1,,Washington
42948,306260397039,185952,9700,1,,Old Saybrook
42948,306260397039,185953,9704,1,,Old Saybrook
42948,306260397039,185954,9706,1,,Old Saybrook
42948,306260397039,185955,9755,0,,New Haven
42948,306260397039,185956,9757,0,,New Haven
42948,306260397039,185957,9759,0,,New Haven
42948,306560397039,185958,9790,1,,Old Saybrook
33820,108460697039,189439,8601,1,,Maricopa
33820,208460396067,189438,8601,1,,Maricopa
42912,112760747039,189442,8004,1,,Kingman
33820,103760687039,189445,8602,1,,Maricopa
33820,108460697039,189454,8901,0,,Phoenix
33820,103760687039,189457,8902,0,,Phoenix
42912,212760396073,189441,8004,1,,Kingman
42954,312760397039,185475,3768,1,,Stockton
41042,106460466046,216469,467,1,318,New Haven
41042,103260476047,216485,450,0,319,Springfield
41042,306560397039,216481,450,0,319,Springfield
41042,306560397039,216504,464,0,319,Springfield
41042,103260476047,216508,464,0,319,Springfield
42954,112760697039,218780,5005,0,,San Francisco
42954,212760396066,218778,5005,0,,San Francisco
42954,109660676068,218779,5005,0,,San Francisco
39626,207160396088,218861,1106,1,,Denver
39626,207160396088,218863,1105,0,,Fraser
54,312760397039,218871,334,1,20,Chicago
54,312760397039,218873,331,0,19,Milwaukee
54,312760397039,218879,336,1,20,Chicago
54,312760397039,218881,339,0,19,Milwaukee
54,306360397039,218888,330,1,20,Chicago
54,312760397039,218895,332,1,20,Chicago
54,312760397039,218898,337,0,19,Milwaukee
42951,312760397039,218961,302,0,254,Chicago
36926,312760397039,218964,319,1,376,Kansas City
36926,312760397039,215611,318,0,377,Chicago
36948,312760397039,215614,311,0,255,Kansas City
42985,306460397039,211069,9478,0,,Baltimore
42985,306460397039,211073,9485,1,,Washington
42985,306460397039,211074,9486,0,,Baltimore
42985,306460397039,211078,9692,0,,Martin Airport
42985,306460397039,211081,9694,0,,Martin Airport
36921,312760397039,214747,283,0,279,Niagara Falls
36921,312760397039,214756,241,0,248,Rensselaer
41044,206260396044,208414,486,0,316,Greenfield
42954,312760397039,213577,4769,0,,Oakland
42954,312760397039,213580,4770,1,,Santa Barbara
42954,312760397039,213586,4785,0,,Oakland
36921,312760397039,214267,280,1,280,New York
41042,106460537039,216443,409,1,318,New Haven
41042,300160397039,216458,463,1,318,New Haven
41042,300160397039,216466,467,1,318,New Haven
41042,103260476047,216442,409,1,318,New Haven
41042,106460466046,216461,463,1,318,New Haven
61,306560397039,212347,690,1,153,Boston
41044,306560397039,219191,400,0,317,Greenfield
41044,103260476047,219195,400,0,317,Greenfield
42951,312760397039,220046,306,0,254,Chicago
42954,312760397039,222141,5713,0,,Bakersfield
42954,312760397039,222143,5715,0,,Bakersfield
42954,312760397039,222145,5815,0,,Bakersfield
42954,312760397039,222147,5813,0,,Bakersfield
42954,312760397039,222163,5817,0,,Bakersfield
42954,312760397039,222172,5811,0,,Bakersfield
42954,312760397039,222190,5802,1,,Los Angeles
42954,312760397039,222194,5702,1,,Los Angeles
42954,312760397039,222208,5712,1,,Los Angeles
42954,312760397039,222210,5714,1,,Los Angeles
42954,312760397039,222212,5812,1,,Los Angeles
42954,312760397039,222275,3815,0,,Davis
42954,312760397039,222325,3817,0,,Davis
42954,312760397039,222216,5716,1,,Los Angeles
42954,312760397039,222240,3811,0,,Davis
42954,312760397039,222246,3813,0,,Davis
42954,312760397039,222248,3865,0,,Stockton
42985,300160397039,222461,9675,1,,Washington
42954,312760397039,222463,3602,0,,Sacramento
42985,300160397039,222468,9685,1,,Washington
42954,112760687039,219590,5011,0,,San Francisco
42954,212760396066,219588,5011,0,,San Francisco
42954,106460676067,219589,5011,0,,San Francisco
42985,300160397039,222474,9494,0,,Baltimore
42985,306560397039,222476,9491,1,,Washington
42985,306560397039,222490,9495,1,,Washington
42985,300160397039,222492,9497,1,,Washington
42985,300160397039,222514,9696,0,,Martin Airport
42985,300160397039,222516,9698,0,,Martin Airport
42985,300160397039,222534,9688,0,,Martin Airport
42985,306560397039,222568,9487,1,,Washington
42985,306560397039,222570,9490,0,,Baltimore
42985,300160397039,222572,9476,0,,Baltimore
42985,300160397039,222574,9480,0,,Baltimore
42985,306560397039,222576,9482,0,,Baltimore
42985,300160397039,222578,9492,0,,Baltimore
42985,300160397039,222580,9499,1,,Washington
42985,300160397039,222582,9689,1,,Washington
42954,312760397039,222585,3717,0,,Chico
42985,300160397039,222590,9481,1,,Washington
84,306260397039,225182,539,0,230,San Jose
84,306260397039,225189,541,0,61,Oakland
84,306260397039,225224,551,0,61,Oakland
84,306260397039,225231,547,0,230,San Jose
84,306260397039,225250,521,0,230,San Jose
84,306260397039,225264,523,0,230,San Jose
84,306260397039,225280,522,1,59,Sacramento
84,306260397039,225306,530,1,64,Sacramento
84,306260397039,225313,528,1,64,Sacramento
84,306260397039,225320,532,1,59,Sacramento
84,306260397039,225341,538,1,63,Auburn
84,306260397039,225355,542,1,64,Sacramento
84,306260397039,225369,548,1,59,Sacramento
84,306260397039,225373,550,1,64,Sacramento
84,306560397039,225375,723,0,230,San Jose
84,306560397039,225378,727,0,230,San Jose
84,306560397039,225402,743,0,61,Oakland
84,306560397039,225405,741,0,230,San Jose
84,306560397039,225408,745,0,230,San Jose
84,306560397039,225414,751,0,61,Oakland
84,306560397039,225420,720,1,59,Sacramento
84,306560397039,225423,724,1,64,Sacramento
84,306560397039,225426,728,1,64,Sacramento
84,306560397039,225491,738,1,64,Sacramento
84,306560397039,225494,742,1,59,Sacramento
84,306560397039,225497,744,1,63,Auburn
54,312760397039,224557,335,0,19,Milwaukee
54,312760397039,224561,338,1,20,Chicago
84,306260397039,224977,529,0,357,San Jose
42985,300260397039,222615,9589,1,,Washington
42985,300260397039,222622,9453,1,,Washington
41080,312760397039,222675,3761,0,,Redding
42985,300260397039,222774,9452,0,,Baltimore
42954,312760397039,222798,3801,0,,Stockton
42954,312760397039,222799,3701,0,,Chico
42954,312760397039,223037,6611,0,,San Francisco
42954,312760397039,223062,6617,0,,San Francisco
42954,312760397039,223096,6619,0,,San Francisco
42954,312760397039,223146,6614,1,,Emeryville
42954,312760397039,223180,6615,0,,San Francisco
42954,312760397039,223182,6616,1,,Emeryville
42954,312760397039,223191,6613,0,,San Francisco
42954,312760397039,223286,3802,1,,Sacramento
42954,312760397039,223292,3712,1,,Stockton
42954,312760397039,223305,3812,1,,Stockton
42954,312760397039,223309,3814,1,,Stockton
42954,312760397039,223312,3816,1,,Stockton
42954,312760397039,223314,3718,1,,Stockton
42954,312760397039,223317,3716,1,,Stockton
80,306560397039,223340,350,1,52,Pontiac
80,306260397039,223342,350,1,52,Pontiac
80,306560397039,223349,351,0,53,Chicago
80,306260397039,223351,351,0,53,Chicago
42954,312760397039,223413,6014,0,,San Francisco
41080,312760397039,223460,3766,1,,Chico
42954,312760397039,223464,3916,1,,Stockton
42954,312760397039,223486,3915,0,,San Jose
42957,312760397039,223494,383,0,,Quincy
72,312760397039,223496,382,1,70,Chicago
42954,312760397039,223524,6311,0,,Arcata
42954,312760397039,223530,6313,0,,Arcata
42954,312760397039,223532,6517,0,,Santa Rosa
42954,312760397039,223539,6515,0,,Santa Rosa
42954,312760397039,223551,6514,1,,Martinez
42954,312760397039,223613,3704,1,,Sacramento
42954,312760397039,223685,5818,1,,San Diego
41080,312760397039,223714,3763,0,,Redding
41080,312760397039,223717,3788,1,,Chico
36921,312760397039,230717,284,1,280,New York
36921,312760397039,230743,237,0,248,Rensselaer
84,106560457039,231220,729,0,357,San Jose
84,106560457039,231224,733,0,230,San Jose
42948,306560397039,230289,3690,1,,New London
42948,306560397039,230315,3613,0,,New Haven
63,312760397039,225626,391,1,110,Carbondale
63,312760397039,225632,390,0,109,Chicago
84,306260397039,225639,543,0,230,San Jose
72,312760397039,225649,381,0,69,Quincy
42954,312760397039,225715,3711,0,,Chico
42954,312760397039,225718,3713,0,,Chico
42954,312760397039,225721,3819,0,,Davis
42954,312760397039,225724,3715,0,,Sacramento
42985,306260397039,225732,9443,1,,Washington
42985,306260397039,225736,9435,1,,Washington
42985,306260397039,225768,9421,1,,Washington
42985,306260397039,225784,9525,1,,Washington
42985,306260397039,225788,9403,1,,Washington
42985,306260397039,225792,9407,1,,Washington
42985,306260397039,225796,9613,1,,Baltimore
42985,306260397039,225804,9579,1,,Baltimore
42985,306260397039,225808,9413,1,,Washington
42985,306260397039,225820,9431,1,,Washington
42985,306260397039,225828,9427,1,,Washington
42985,306260397039,225840,9583,1,,Baltimore
42985,306260397039,225848,9448,0,,Baltimore
42985,306260397039,225856,9544,0,,Perryville
42985,306260397039,225888,9652,0,,Perryville
42985,306260397039,225892,9424,0,,Baltimore
42985,306260397039,225908,9634,0,,Martin Airport
42985,306260397039,225912,9642,0,,Martin Airport
42985,306260397039,225928,9410,0,,Baltimore
42985,306260397039,225936,9416,0,,Baltimore
42985,306260397039,225948,9426,0,,Baltimore
42985,306060397039,225952,9455,1,,Washington
42985,306260397039,225964,9585,1,,Baltimore
42985,306260397039,225972,9502,0,,Perryville
42985,306260397039,225976,9612,0,,Martin Airport
42985,306260397039,225980,9520,0,,Perryville
42985,306260397039,226203,9511,1,,Washington
42985,306260397039,226210,9679,1,,Washington
42985,306260397039,226230,9449,1,,Washington
42985,306260397039,226242,9537,1,,Washington
42985,306260397039,226262,9517,1,,Washington
42985,306260397039,226268,9641,0,,Washington
84,306260397039,228761,536,1,59,Sacramento
51,100160666066,229361,1003,0,270,Los Angeles
75,100160666066,229370,1008,1,186,Chicago
42994,100160666066,229375,1040,0,385,Chicago
42994,100160666066,229380,1041,1,384,Miami
75,100160666066,229386,1027,0,241,Portland
51,100160666066,229391,1004,1,118,Chicago
75,100160666066,229402,1007,0,184,Seattle
75,100160666066,229411,1028,1,243,Chicago
96,100160666066,229422,1006,1,174,Chicago
96,100160666066,229427,1005,0,173,Emeryville
42954,312760397039,229482,6318,1,,Martinez
42954,312760397039,229485,6316,1,,Martinez
42954,306560397039,228251,3911,0,,San Jose
42954,306260397039,228252,3911,0,,San Jose
42954,312760397039,228270,5717,0,,Bakersfield
42985,306260397039,226324,9550,0,,Perryville
42985,306260397039,226330,9440,0,,Baltimore
42985,306260397039,226392,9414,0,,Baltimore
42985,306260397039,226412,9430,0,,Baltimore
42985,306260397039,226433,9587,1,,Baltimore
51,112760677039,226493,3,0,270,Los Angeles
96,112760677039,226500,5,0,173,Emeryville
84,306260397039,226487,549,0,61,Oakland
51,212760396064,226490,3,0,270,Los Angeles
51,100260656065,226491,3,0,270,Los Angeles
96,212760396064,226497,5,0,173,Emeryville
96,100260656065,226498,5,0,173,Emeryville
42954,312760397039,226448,5801,0,,Bakersfield
51,112760677039,226778,4,1,118,Chicago
96,112760677039,226786,6,1,174,Chicago
51,212760396064,226775,4,1,118,Chicago
51,100260656065,226776,4,1,118,Chicago
96,212760396064,226783,6,1,174,Chicago
96,100260656065,226784,6,1,174,Chicago
42954,312760397039,226938,5415,0,,Bakersfield
42954,312760397039,227122,6612,1,,Emeryville
84,306260397039,228029,527,0,230,San Jose
42954,312760397039,228161,4101,0,,San Jose
42954,312760397039,228162,4102,1,,Merced
61,106262867039,231501,687,0,152,Brunswick
61,206260396135,231499,687,0,152,Brunswick
61,106261386285,231500,687,0,152,Brunswick
31849,312760397039,231552,7097,1,,Canadian Border
31849,312760397039,231556,7098,0,,Toronto
61,106562907039,231569,693,0,152,Brunswick
61,106562907039,231572,692,1,153,Boston
61,106562907039,231576,695,0,152,Brunswick
61,106562907039,231580,697,0,152,Brunswick
61,106562907039,231584,691,0,152,Brunswick
61,106562907039,231587,694,1,153,Boston
61,206560396130,231566,693,0,152,Brunswick
61,106561366137,231567,693,0,152,Brunswick
61,106561436284,231568,693,0,152,Brunswick
61,206560396137,231570,692,1,153,Boston
61,106561436284,231571,692,1,153,Boston
61,206560396130,231573,695,0,152,Brunswick
61,106561366137,231574,695,0,152,Brunswick
61,106561436284,231575,695,0,152,Brunswick
61,206560396130,231577,697,0,152,Brunswick
61,106561366137,231578,697,0,152,Brunswick
61,106561436284,231579,697,0,152,Brunswick
61,206560396130,231581,691,0,152,Brunswick
61,106561366137,231582,691,0,152,Brunswick
61,106561436284,231583,691,0,152,Brunswick
61,206560396137,231585,694,1,153,Boston
61,106561436284,231586,694,1,153,Boston
61,106562907039,231604,696,1,153,Boston
61,206560396137,231602,696,1,153,Boston
61,106561436284,231603,696,1,153,Boston
84,106560457039,231232,747,0,230,San Jose
84,106560457039,231236,734,1,64,Sacramento
84,106560457039,231240,746,1,64,Sacramento
84,106560457039,231245,748,1,64,Sacramento
42954,312760397039,232094,5412,1,,San Bernardino
42954,312760397039,232096,5402,1,,San Bernardino
84,306260397039,231294,544,1,64,Sacramento
42954,312760397039,231414,3524,1,,Reno
42954,312760397039,231417,3549,0,,Sacramento
42954,106261467039,232576,6623,0,,San Francisco
42954,106261467039,232579,6635,0,,San Francisco
42954,106261467039,232582,6649,0,,San Francisco
42954,106261467039,232585,6647,0,,San Francisco
42954,306560397039,232586,6679,0,,San Francisco
42954,306560397039,232588,6683,0,,San Francisco
42954,306560397039,232590,6691,0,,San Francisco
42954,106261467039,232594,6641,0,,San Francisco
42954,306560397039,232595,6693,0,,San Francisco
42954,106261467039,232599,6629,0,,San Francisco
42954,106261467039,232602,6631,0,,San Francisco
42954,306560397039,232603,6653,0,,San Francisco
42954,106261467039,232607,6625,0,,San Francisco
42954,106261467039,232610,6651,0,,San Francisco
42954,306560397039,232611,6695,0,,San Francisco
42954,306560397039,232613,6673,0,,San Francisco
42954,106560457039,232617,6687,0,,San Francisco
42954,306560397039,232619,6697,0,,San Francisco
42954,106261467039,232623,6639,0,,San Francisco
42954,106261467039,232626,6645,0,,San Francisco
42954,106261467039,232629,6621,0,,San Francisco
42954,106261467039,232632,6637,0,,San Francisco
42954,306560397039,232633,6677,0,,San Francisco
42954,106261467039,232637,6643,0,,San Francisco
42954,306560397039,232638,6699,0,,San Francisco
42954,206260396142,232574,6623,0,,San Francisco
42954,206260396142,232577,6635,0,,San Francisco
42954,206260396142,232580,6649,0,,San Francisco
42954,206260396142,232583,6647,0,,San Francisco
42954,103261456145,232587,6679,0,,San Francisco
42954,103261456145,232589,6683,0,,San Francisco
42954,103261456145,232591,6691,0,,San Francisco
42954,206260396142,232592,6641,0,,San Francisco
42954,103261456145,232596,6693,0,,San Francisco
42954,206260396142,232597,6629,0,,San Francisco
42954,206260396142,232600,6631,0,,San Francisco
42954,103261456145,232604,6653,0,,San Francisco
42954,206260396142,232605,6625,0,,San Francisco
42954,206260396142,232608,6651,0,,San Francisco
42954,103261456145,232612,6695,0,,San Francisco
42954,103261456145,232614,6673,0,,San Francisco
42954,103261456145,232618,6687,0,,San Francisco
42954,103261456145,232620,6697,0,,San Francisco
42954,206260396142,232621,6639,0,,San Francisco
42954,206260396142,232624,6645,0,,San Francisco
42954,206260396142,232627,6621,0,,San Francisco
42954,206260396142,232630,6637,0,,San Francisco
42954,103261456145,232634,6677,0,,San Francisco
42954,206260396142,232635,6643,0,,San Francisco
42954,103261456145,232639,6699,0,,San Francisco
42954,306560397039,232640,5006,1,,Emeryville
42954,306560397039,232642,6678,1,,Emeryville
42954,306560397039,232644,6682,1,,Emeryville
42954,306560397039,232646,6686,1,,Emeryville
42954,306560397039,232648,6692,1,,Emeryville
42954,306560397039,232650,6674,1,,Emeryville
42954,106261467039,232654,6624,1,,Emeryville
42954,306560397039,232655,6688,1,,Emeryville
42954,106261467039,232659,6648,1,,Emeryville
42954,106261467039,232662,6628,1,,Emeryville
42954,106261467039,232665,6642,1,,Emeryville
42954,106261467039,232668,6640,1,,Emeryville
42954,306560397039,232669,6668,1,,Emeryville
42954,106261467039,232673,6626,1,,Emeryville
42954,106261467039,232676,6638,1,,Emeryville
42954,106261467039,232679,6632,1,,Emeryville
42954,306560397039,232680,6696,1,,Emeryville
42954,106261467039,232684,6636,1,,Emeryville
42954,106261467039,232687,6650,1,,Emeryville
42954,306560397039,232688,6684,1,,Emeryville
42954,106261467039,232692,6634,1,,Emeryville
42954,306560397039,232693,6698,1,,Emeryville
42954,106261467039,232697,6644,1,,Emeryville
42954,306560397039,232698,6670,1,,Emeryville
42954,106261467039,232702,6630,1,,Emeryville
42954,103261456145,232641,5006,1,,Emeryville
42954,103261456145,232643,6678,1,,Emeryville
42954,103261456145,232645,6682,1,,Emeryville
42954,103261456145,232647,6686,1,,Emeryville
42954,103261456145,232649,6692,1,,Emeryville
42954,103261456145,232651,6674,1,,Emeryville
42954,206260396142,232652,6624,1,,Emeryville
42954,103261456145,232656,6688,1,,Emeryville
42954,206260396142,232657,6648,1,,Emeryville
42954,206260396142,232660,6628,1,,Emeryville
42954,206260396142,232663,6642,1,,Emeryville
42954,206260396142,232666,6640,1,,Emeryville
42954,103261456145,232670,6668,1,,Emeryville
42954,206260396142,232671,6626,1,,Emeryville
42954,206260396142,232674,6638,1,,Emeryville
42954,206260396142,232677,6632,1,,Emeryville
42954,103261456145,232681,6696,1,,Emeryville
42954,206260396142,232682,6636,1,,Emeryville
42954,206260396142,232685,6650,1,,Emeryville
42954,103261456145,232689,6684,1,,Emeryville
42954,206260396142,232690,6634,1,,Emeryville
42954,103261456145,232694,6698,1,,Emeryville
42954,206260396142,232695,6644,1,,Emeryville
42954,103261456145,232699,6670,1,,Emeryville
42954,206260396142,232700,6630,1,,Emeryville
42896,112761467039,232705,5619,0,,Las Vegas
42896,112761467039,232708,5612,1,,Santa Barbara
42896,212760396144,232703,5619,0,,Las Vegas
42896,103261456145,232704,5619,0,,Las Vegas
42896,212760396144,232706,5612,1,,Santa Barbara
42896,103261456145,232707,5612,1,,Santa Barbara
42954,312760397039,232351,4761,0,,Oakland
42954,312760397039,232355,4765,0,,Oakland
42954,312760397039,232356,4782,1,,Santa Barbara
42954,312760397039,232358,4790,1,,Santa Barbara
36924,112760677039,232416,11,1,314,Los Angeles
36924,212760396065,232414,11,1,314,Los Angeles
36924,100160666066,232415,11,1,314,Los Angeles
36924,112760677039,232421,14,0,313,Seattle
36924,212760396065,232419,14,0,313,Seattle
36924,100160666066,232420,14,0,313,Seattle
42954,312760397039,232376,4794,1,,San Luis Obispo
42954,312760397039,232443,3514,1,,Salinas
42954,312760397039,232446,3614,0,,Carmel
42954,112760687039,232451,3511,1,,Salinas
42954,112760687039,232456,3611,0,,Carmel
42954,212760396066,232449,3511,1,,Salinas
42954,106460676067,232450,3511,1,,Salinas
42954,212760396066,232454,3611,0,,Carmel
42954,106460676067,232455,3611,0,,Carmel
42891,112760687039,232266,8954,0,,Williams
42891,112760687039,232270,8953,0,,Williams
42891,212760396067,232265,8954,0,,Williams
42891,212760396067,232269,8953,0,,Williams
42891,112760687039,232277,8853,1,,Flagstaff
42891,112760687039,232282,8854,1,,Flagstaff
42891,212760396067,232276,8853,1,,Flagstaff
42891,212760396067,232281,8854,1,,Flagstaff
42954,112761437039,232476,5703,0,,Bakersfield
42954,112761437039,232483,5719,0,,Bakersfield
42954,212760396141,232474,5703,0,,Bakersfield
42954,100261426142,232475,5703,0,,Bakersfield
42954,212760396141,232481,5719,0,,Bakersfield
42954,100261426142,232482,5719,0,,Bakersfield
42954,106261467039,232486,3539,0,,Sacramento
42954,306560397039,232487,3591,0,,Sacramento
42954,106261467039,232491,3646,1,,Auburn
42954,106261467039,232494,3623,0,,Sacramento
42954,112761437039,232497,5419,0,,Bakersfield
42954,106261467039,232500,3642,1,,Auburn
42954,106261467039,232503,3536,1,,Auburn
42954,106261467039,232506,3532,1,,Sparks
42954,306560397039,232507,3584,1,,Sparks
42954,206260396142,232484,3539,0,,Sacramento
42954,103261456145,232488,3591,0,,Sacramento
42954,206260396142,232489,3646,1,,Auburn
42954,206260396142,232492,3623,0,,Sacramento
42954,212760396141,232495,5419,0,,Bakersfield
42954,100261426142,232496,5419,0,,Bakersfield
42954,206260396142,232498,3642,1,,Auburn
42954,206260396142,232501,3536,1,,Auburn
42954,206260396142,232504,3532,1,,Sparks
42954,103261456145,232508,3584,1,,Sparks
42954,112761187039,232512,4970,1,,Palm Springs
42954,112761187039,232516,4969,0,,Fullerton
42954,212760396102,232509,4970,1,,Palm Springs
42954,103261036117,232510,4970,1,,Palm Springs
42954,109561046116,232511,4970,1,,Palm Springs
42954,212760396102,232513,4969,0,,Fullerton
42954,103261036117,232514,4969,0,,Fullerton
42954,109561046116,232515,4969,0,,Fullerton
42954,112761187039,232525,4982,1,,Indio
42954,212760396102,232522,4982,1,,Indio
42954,103261036117,232523,4982,1,,Indio
42954,109561046116,232524,4982,1,,Indio
42985,306260397039,233531,9554,0,,Perryville
55,312760397039,233649,371,0,28,Chicago
55,312760397039,233652,370,1,27,Grand Rapids
84,306260397039,233700,525,0,61,Oakland
42985,106260487039,233893,9439,1,,Washington
42985,106260487039,233898,9404,0,,Baltimore
42985,106260487039,233903,9438,0,,Baltimore
42985,106260487039,233908,9447,1,,Washington
42985,106260487039,233913,9451,1,,Washington
42985,106260487039,233918,9505,1,,Washington
42985,106260487039,233923,9532,0,,Perryville
42985,106260487039,233928,9536,0,,Perryville
42985,106260487039,233933,9548,0,,Perryville
42985,106260487039,233938,9422,0,,Baltimore
42985,106260487039,233943,9419,1,,Washington
42985,106260487039,233948,9423,1,,Washington
42985,106260487039,233953,9610,0,,Martin Airport
42985,106260487039,233958,9408,0,,Baltimore
42985,106260487039,233963,9409,1,,Washington
42985,106260487039,233968,9418,0,,Baltimore
42985,106260487039,233973,9415,1,,Washington
42985,106260487039,233978,9428,0,,Baltimore
42985,106260487039,233983,9433,1,,Washington
42985,106260487039,233988,9412,0,,Baltimore
42985,106260487039,233993,9400,0,,Baltimore
42985,106260487039,233998,9429,1,,Washington
42985,106260487039,234003,9401,1,,Washington
42985,106260487039,234008,9445,1,,Washington
42985,206260396044,233891,9439,1,,Washington
42985,206260396044,233896,9404,0,,Baltimore
42985,206260396044,233901,9438,0,,Baltimore
42985,206260396044,233906,9447,1,,Washington
42985,206260396044,233911,9451,1,,Washington
42985,206260396044,233916,9505,1,,Washington
42985,206260396044,233921,9532,0,,Perryville
42985,206260396044,233926,9536,0,,Perryville
42985,206260396044,233931,9548,0,,Perryville
42985,206260396044,233936,9422,0,,Baltimore
42985,206260396044,233941,9419,1,,Washington
42985,206260396044,233946,9423,1,,Washington
42985,206260396044,233951,9610,0,,Martin Airport
42985,206260396044,233956,9408,0,,Baltimore
42985,206260396044,233961,9409,1,,Washington
42985,206260396044,233966,9418,0,,Baltimore
42985,206260396044,233971,9415,1,,Washington
42985,206260396044,233976,9428,0,,Baltimore
42985,206260396044,233981,9433,1,,Washington
42985,206260396044,233986,9412,0,,Baltimore
42985,206260396044,233991,9400,0,,Baltimore
42985,206260396044,233996,9429,1,,Washington
42985,206260396044,234001,9401,1,,Washington
42985,206260396044,234006,9445,1,,Washington
42985,106260487039,234013,9446,0,,Baltimore
42985,206260396044,234011,9446,0,,Baltimore
42948,306560397039,235363,3604,1,,New London
42948,306560397039,235365,3610,1,,New London
42948,306560397039,235379,3621,0,,New Haven
42948,306560397039,235381,3637,0,,New Haven
42948,306560397039,235383,3629,0,,New Haven
42948,306260397039,235394,1681,0,,New Haven
42948,306260397039,235397,1691,0,,New Haven
42948,306260397039,235415,1699,0,,New Haven
42948,306260397039,235418,1610,1,,New London
42948,306260397039,235421,1652,1,,New London
42948,306260397039,235430,1638,1,,New London
42948,306260397039,235433,1632,1,,New London
42954,112761187039,234869,4985,0,,Fullerton
42954,212760396102,234866,4985,0,,Fullerton
42954,103261036117,234867,4985,0,,Fullerton
42954,109561046116,234868,4985,0,,Fullerton
94,106261527039,235457,656,1,21,New York
94,206260396044,235452,656,1,21,New York
94,103260476047,235454,656,1,21,New York
94,106260486072,235455,656,1,21,New York
94,106260756149,235456,656,1,21,New York
84,306260397039,235502,545,0,61,Oakland
94,106060487039,235547,622,1,22,Philadelphia
94,200260396072,235543,622,1,22,Philadelphia
94,206060396043,235545,622,1,22,Philadelphia
88,100160527039,235615,101,1,267,Washington
88,109760456047,235613,101,1,267,Washington
88,103060486051,235614,101,1,267,Washington
88,106460536074,235616,101,1,267,Washington
88,106260546072,235617,101,1,267,Washington
88,100160807039,235650,107,1,267,Washington
88,100160807039,235674,142,0,237,New York
88,300160397039,235688,109,1,267,Washington
88,100160877039,235696,127,1,267,Washington
88,100160456073,235648,107,1,267,Washington
88,112660466074,235649,107,1,267,Washington
88,100160456073,235670,142,0,237,New York
88,109660466047,235671,142,0,237,New York
88,106260486072,235672,142,0,237,New York
88,106460536074,235673,142,0,237,New York
88,112660466074,235690,109,1,267,Washington
88,106560456080,235692,127,1,267,Washington
88,103260476047,235693,127,1,267,Washington
88,106260486072,235694,127,1,267,Washington
88,106560807039,235743,165,1,260,Washington
88,100160807039,235755,159,1,267,Washington
88,106560807039,235762,195,1,260,Washington
88,100160807039,235770,152,0,264,Boston
88,100160807039,235797,163,1,260,Washington
88,100160807039,235834,167,1,355,Philadelphia
88,106560456074,235740,165,1,260,Washington
88,103260476047,235741,165,1,260,Washington
88,106260486072,235742,165,1,260,Washington
88,100160456073,235753,159,1,267,Washington
88,112660466074,235754,159,1,267,Washington
88,109760456047,235759,195,1,260,Washington
88,106260486072,235760,195,1,260,Washington
88,106560526074,235761,195,1,260,Washington
88,106560456046,235765,152,0,264,Boston
88,103260476047,235766,152,0,264,Boston
88,106260486072,235767,152,0,264,Boston
88,100160526073,235768,152,0,264,Boston
88,106460536074,235769,152,0,264,Boston
88,106560456046,235790,163,1,260,Washington
88,103260476047,235791,163,1,260,Washington
88,106260486055,235792,163,1,260,Washington
88,100160526073,235793,163,1,260,Washington
88,106460536074,235794,163,1,260,Washington
88,100860566056,235795,163,1,260,Washington
88,106260576072,235796,163,1,260,Washington
88,103360456047,235830,167,1,355,Philadelphia
88,106460466074,235831,167,1,355,Philadelphia
88,106260486072,235832,167,1,355,Philadelphia
88,100160526073,235833,167,1,355,Philadelphia
40751,300160397039,235861,2216,0,328,New York
40751,300160397039,235866,2203,1,326,Washington
40751,109660466047,235863,2216,0,328,New York
40751,106260486072,235864,2216,0,328,New York
40751,106460536074,235865,2216,0,328,New York
40751,109660466047,235868,2203,1,326,Washington
40751,106260486072,235869,2203,1,326,Washington
40751,106460536074,235870,2203,1,326,Washington
94,100261567039,236008,624,1,21,New York
94,106261527039,236016,650,1,21,New York
42954,106261467039,233011,6627,0,,San Francisco
42954,206260396142,233009,6627,0,,San Francisco
61,206260396042,233208,689,0,152,Brunswick
61,106260476055,233210,689,0,152,Brunswick
61,106260576063,233212,689,0,152,Brunswick
61,105460656071,233214,689,0,152,Brunswick
61,106262867039,233237,689,0,152,Brunswick
61,103060766091,233217,689,0,152,Brunswick
61,104860966097,233221,689,0,152,Brunswick
61,106260996106,233222,689,0,152,Brunswick
61,104861106111,233224,689,0,152,Brunswick
61,106261136127,233225,689,0,152,Brunswick
61,106261316135,233227,689,0,152,Brunswick
61,106261386155,233228,689,0,152,Brunswick
61,105661596161,233230,689,0,152,Brunswick
61,106261636184,233231,689,0,152,Brunswick
61,101461896197,233233,689,0,152,Brunswick
61,105262016204,233235,689,0,152,Brunswick
61,106262086285,233236,689,0,152,Brunswick
61,107160436046,233287,1689,0,152,Brunswick
61,100860566056,233288,1689,0,152,Brunswick
61,100460646064,233289,1689,0,152,Brunswick
61,104260706075,233290,1689,0,152,Brunswick
61,109660816089,233291,1689,0,152,Brunswick
61,101560926098,233293,1689,0,152,Brunswick
61,107461076112,233296,1689,0,152,Brunswick
61,100361286129,233299,1689,0,152,Brunswick
61,100761566162,233302,1689,0,152,Brunswick
61,104861876195,233305,1689,0,152,Brunswick
61,101161986206,233308,1689,0,152,Brunswick
40751,106260897039,237107,2151,1,324,Washington
88,106260757039,236579,177,1,355,Philadelphia
88,106260757039,236591,174,0,264,Boston
88,206260396044,236558,175,1,260,Washington
88,206260396044,236576,177,1,355,Philadelphia
88,206260396044,236588,174,0,264,Boston
88,206260396044,236600,184,0,264,Boston
88,206260396044,236613,179,1,355,Philadelphia
88,106260757039,236603,184,0,264,Boston
88,106260757039,236616,179,1,355,Philadelphia
88,106260757039,236660,198,1,237,New York
88,106260757039,236684,197,1,267,Washington
88,206260396044,236658,198,1,237,New York
88,206260396044,236681,197,1,267,Washington
94,100161577039,236703,611,0,25,Harrisburg
94,100160806150,236702,611,0,25,Harrisburg
94,106260757039,236729,626,1,21,New York
94,106561577039,236755,660,1,21,New York
94,206260396044,236727,626,1,21,New York
94,106560806151,236754,660,1,21,New York
94,106560806151,236765,667,0,23,Harrisburg
94,106560806151,236772,665,0,23,Harrisburg
94,106560806151,236779,666,1,21,New York
94,106561577039,236766,667,0,23,Harrisburg
94,106561577039,236773,665,0,23,Harrisburg
94,106561577039,236780,666,1,21,New York
94,100161577039,236792,662,1,21,New York
94,100160806150,236791,662,1,21,New York
88,106260757039,236834,85,1,260,Washington
88,206260396044,236831,85,1,260,Washington
94,106261527039,236964,654,1,21,New York
94,206260396044,236960,654,1,21,New York
94,106260486072,236962,654,1,22,Philadelphia
94,106260756149,236963,654,1,21,New York
94,106261527039,236987,658,1,21,New York
94,206260396044,236982,658,1,21,New York
94,106560456074,236983,658,1,22,Philadelphia
94,103260476047,236984,658,1,22,Philadelphia
94,106260486072,236985,658,1,22,Philadelphia
94,106260756149,236986,658,1,21,New York
94,106261527039,237011,645,0,23,Harrisburg
94,206260396044,237008,645,0,23,Harrisburg
94,112760456074,237009,645,0,25,Harrisburg
94,106260756149,237010,645,0,23,Harrisburg
94,106261527039,237020,609,0,23,Harrisburg
94,106261527039,237033,647,0,23,Harrisburg
94,206260396044,237016,609,0,23,Harrisburg
94,106260486072,237018,609,0,25,Harrisburg
94,106260756149,237019,609,0,23,Harrisburg
94,206260396044,237028,647,0,23,Harrisburg
94,106560456074,237029,647,0,25,Harrisburg
94,103260476047,237030,647,0,25,Harrisburg
94,106260486072,237031,647,0,25,Harrisburg
94,106260756149,237032,647,0,23,Harrisburg
94,106261527039,237055,657,0,23,Harrisburg
94,206260396044,237051,657,0,23,Harrisburg
94,106260486072,237053,657,0,25,Harrisburg
94,106260756149,237054,657,0,23,Harrisburg
94,112760456074,236002,624,1,21,New York
94,100260796093,236004,624,1,21,New York
94,100261006149,236007,624,1,21,New York
94,206260396044,236011,650,1,21,New York
94,106560456074,236012,650,1,21,New York
94,103260476047,236013,650,1,21,New York
94,106260486072,236014,650,1,21,New York
94,106260756149,236015,650,1,21,New York
94,106561577039,236029,661,0,23,Harrisburg
94,106560456074,236025,661,0,23,Harrisburg
94,103260476047,236026,661,0,23,Harrisburg
94,106260486072,236027,661,0,23,Harrisburg
94,106560806151,236028,661,0,23,Harrisburg
84,306260397039,236087,524,1,64,Sacramento
88,106460817039,236347,105,1,267,Washington
88,106460817039,236415,120,0,237,New York
88,106260757039,236446,134,0,237,New York
88,206260396044,236443,134,0,237,New York
88,106460817039,236540,149,1,260,Washington
88,106260757039,236561,175,1,260,Washington
94,106261527039,237541,653,0,23,Harrisburg
94,206260396044,237537,653,0,23,Harrisburg
94,106260486072,237539,653,0,25,Harrisburg
94,106260756149,237540,653,0,23,Harrisburg
42947,112660987039,237570,98,0,113,New York
42947,100161017039,237571,98,0,113,New York
42947,112760987039,237580,97,1,114,Miami
42947,212660396097,237564,98,0,113,New York
42947,100160456059,237566,98,0,113,New York
42947,100160666066,237567,98,0,113,New York
42947,100160736073,237568,98,0,113,New York
42947,100160806094,237569,98,0,113,New York
42947,212760396044,237575,97,1,114,Miami
42947,112760456065,237576,97,1,114,Miami
42947,100160666066,237577,97,1,114,Miami
42947,112760676074,237578,97,1,114,Miami
42947,112760756097,237579,97,1,114,Miami
88,106460817039,237615,123,1,389,Philadelphia
84,306260397039,237755,535,0,61,Oakland
42920,312760397039,237758,8904,0,,Newton
42954,212760396066,237828,6097,1,,Fort Myers
42954,106460676067,237829,6097,1,,Fort Myers
42954,112760687039,237830,6097,1,,Fort Myers
42954,312760397039,237833,6098,0,,Orlando
42954,312760397039,237841,6092,0,,Tampa
42954,312760397039,237848,6292,0,,Jacksonville
42954,312760397039,237851,6048,1,,Toledo
42954,112760687039,237861,6049,0,,East Lansing
42954,212760396066,237859,6049,0,,East Lansing
42954,106460676067,237860,6049,0,,East Lansing
88,106460817039,237958,121,1,267,Washington
88,106560807039,237984,143,1,259,Washington
88,106460817039,238012,189,1,267,Washington
88,106460817039,238020,157,1,259,Washington
88,106460817039,238028,145,1,340,Roanoke
88,106560456074,237981,143,1,259,Washington
88,103260476047,237982,143,1,259,Washington
88,106260486072,237983,143,1,259,Washington
88,106560807039,238041,169,1,355,Philadelphia
88,106460817039,238055,139,1,260,Washington
88,106560807039,238071,118,0,237,New York
88,106460817039,238079,104,0,237,New York
88,106460817039,238087,122,0,237,New York
88,106560456074,238038,169,1,355,Philadelphia
88,103260476047,238039,169,1,355,Philadelphia
88,106260486072,238040,169,1,355,Philadelphia
88,106560456074,238068,118,0,237,New York
88,103260476047,238069,118,0,237,New York
88,106260486072,238070,118,0,237,New York
40751,106260897039,237113,2152,0,327,Boston
40751,106260897039,237119,2154,0,327,Boston
40751,106260897039,237126,2169,1,324,Washington
40751,106460957039,237145,2224,0,328,New York
40751,106260897039,237151,2173,1,324,Washington
40751,100260937039,237161,2174,0,327,Boston
40751,106560947039,237168,2254,0,327,Boston
40751,106460957039,237175,2247,1,324,Washington
40751,106560947039,237183,2253,1,324,Washington
40751,106460957039,237191,2263,1,324,Washington
40751,106460957039,237198,2262,0,327,Boston
88,100160807039,237200,126,0,237,New York
88,112760456074,237199,126,0,237,New York
42954,112760687039,237220,6021,1,,Houston
42954,112760687039,237225,6421,0,,Longview
42954,112760687039,237230,6121,1,,Shreveport
42954,212760396066,237218,6021,1,,Houston
42954,106460676067,237219,6021,1,,Houston
42954,212760396066,237223,6421,0,,Longview
42954,106460676067,237224,6421,0,,Longview
42954,212760396066,237228,6121,1,,Shreveport
42954,106460676067,237229,6121,1,,Shreveport
42954,312760397039,237233,6022,0,,Longview
42954,312760397039,237236,6422,1,,Shreveport
42954,312760397039,237239,6122,0,,Longview
40751,106260897039,237311,2172,0,327,Boston
61,106262867039,237405,686,1,153,Boston
61,206260396076,237401,686,1,153,Boston
61,100860776077,237402,686,1,,Boston
61,106260786135,237403,686,1,153,Boston
61,106261386285,237404,686,1,153,Boston
42954,112760687039,237424,6291,1,,Lakeland
42954,112760687039,237429,6091,1,,Fort Myers
42954,212760396066,237422,6291,1,,Lakeland
42954,106460676067,237423,6291,1,,Lakeland
42954,212760396066,237427,6091,1,,Fort Myers
42954,106460676067,237428,6091,1,,Fort Myers
80,306560397039,237461,353,0,53,Chicago
80,306260397039,237463,353,0,53,Chicago
80,306560397039,237465,352,1,52,Pontiac
80,306260397039,237467,352,1,52,Pontiac
40751,106460817039,238653,2275,1,324,Washington
40751,106460817039,238660,2258,0,327,Boston
40751,106560807039,238714,2205,1,326,Washington
40751,106560456074,238711,2205,1,326,Washington
40751,103260476047,238712,2205,1,326,Washington
40751,106260486072,238713,2205,1,326,Washington
43,112760687039,238576,8821,1,,Temple
43,112760687039,238581,8822,1,,Temple
43,112760687039,238587,8722,0,,Fort Cavazos
43,112760687039,238593,8721,0,,Fort Cavazos
43,212760396066,238574,8821,1,,Temple
43,106460676067,238575,8821,1,,Temple
43,212760396066,238579,8822,1,,Temple
43,106460676067,238580,8822,1,,Temple
43,212760396066,238585,8722,0,,Fort Cavazos
43,106460676067,238586,8722,0,,Fort Cavazos
43,212760396066,238591,8721,0,,Fort Cavazos
43,106460676067,238592,8721,0,,Fort Cavazos
88,106460817039,238736,96,0,264,Boston
88,106460817039,238744,132,0,264,Boston
88,106460817039,238772,117,1,390,Washington
94,106561577039,238779,663,0,23,Harrisburg
94,106560806151,238778,663,0,23,Harrisburg
94,106561577039,238810,670,1,21,New York
84,106260617039,238816,526,1,59,Sacramento
84,106260617039,238821,520,1,59,Sacramento
84,106560667039,238827,737,0,61,Oakland
84,106560667039,238833,736,1,59,Sacramento
94,106560806151,238809,670,1,21,New York
84,106260617039,238840,537,0,61,Oakland
84,106260617039,238854,531,0,61,Oakland
84,106260617039,238868,534,1,59,Sacramento
94,106561577039,238886,671,0,23,Harrisburg
94,106560806151,238885,671,0,23,Harrisburg
94,106460817039,238894,612,1,22,Philadelphia
94,106461587039,238903,615,0,25,Harrisburg
94,106561577039,238910,664,1,21,New York
94,106461027039,238920,674,1,21,New York
94,100161577039,238921,674,1,21,New York
94,106460816151,238902,615,0,25,Harrisburg
94,106560806151,238909,664,1,21,New York
94,106560806088,238917,674,1,21,New York
94,100160946150,238918,674,1,21,New York
94,106460956095,238919,674,1,21,New York
94,106561577039,238929,672,1,21,New York
94,106560807039,238936,637,0,24,Philadelphia
94,106561577039,238944,669,0,23,Harrisburg
94,106560806151,238928,672,1,21,New York
94,106560806151,238943,669,0,23,Harrisburg
41042,306560397039,238947,460,0,319,Springfield
41042,106460537039,238955,465,1,318,New Haven
41042,106460537039,238962,416,0,319,Springfield
41042,103260476047,238948,460,0,319,Springfield
88,100160807039,238182,147,1,391,Roanoke
88,106560456046,238177,147,1,391,Roanoke
88,103260476047,238178,147,1,391,Roanoke
88,106260486072,238179,147,1,391,Roanoke
88,100160526073,238180,147,1,391,Roanoke
88,106460536074,238181,147,1,391,Roanoke
88,106460817039,238196,154,0,264,Boston
60,112760707039,238207,503,1,292,Eugene
60,212760396069,238206,503,1,292,Eugene
60,112760707039,238210,507,1,292,Eugene
60,212760396069,238209,507,1,292,Eugene
60,112760707039,238213,509,1,293,Portland
60,112760707039,238216,508,0,289,Seattle
60,112760707039,238219,505,1,293,Portland
60,112760707039,238222,506,0,290,Seattle
60,112760707039,238225,511,1,293,Portland
60,112760707039,238228,502,0,290,Seattle
60,112760707039,238231,504,0,289,Seattle
60,112760707039,238234,518,0,291,Vancouver
60,112760707039,238237,517,1,372,Portland
60,112760707039,238240,500,0,290,Seattle
60,212760396069,238212,509,1,293,Portland
60,212760396069,238215,508,0,289,Seattle
60,212760396069,238218,505,1,293,Portland
60,212760396069,238221,506,0,290,Seattle
60,212760396069,238224,511,1,293,Portland
60,212760396069,238227,502,0,290,Seattle
60,212760396069,238230,504,0,289,Seattle
60,212760396069,238233,518,0,291,Vancouver
60,212760396069,238236,517,1,372,Portland
60,212760396069,238239,500,0,290,Seattle
36948,312760397039,238271,316,1,257,St. Louis
42920,312760397039,238326,8903,1,,Oklahoma City
79,112761217039,238358,74,1,107,Raleigh
79,212760396120,238357,74,1,107,Raleigh
18650,312760397039,238376,8359,1,,Carbondale
18650,312760397039,238379,8358,0,,St. Louis
18650,312760397039,238382,5521,1,,Springfield
18650,312760397039,238385,5522,0,,Galesburg
42954,306260397039,238409,6257,1,,Providence
42954,306560397039,238410,6257,1,,Providence
42954,300160397039,238412,6259,1,,Providence
42954,306260397039,238416,6259,1,,Providence
42954,306460397039,238417,6259,1,,Providence
42954,306260397039,238422,6255,1,,Providence
42954,306560397039,238423,6255,1,,Providence
42954,306260397039,238428,6256,0,,Worcester
42954,306560397039,238429,6256,0,,Worcester
42954,300160397039,238431,6258,0,,Worcester
42954,306260397039,238435,6258,0,,Worcester
42954,306460397039,238436,6258,0,,Worcester
42954,306260397039,238441,6260,0,,Worcester
42954,306560397039,238442,6260,0,,Worcester
41042,103260476047,238954,465,1,318,New Haven
41042,103260476047,238961,416,0,319,Springfield
41042,106460537039,238969,497,1,318,New Haven
41042,103260476047,238968,497,1,318,New Haven
61,206260396076,238978,681,0,152,Brunswick
61,100860776077,238979,681,0,,Wells
61,106260786135,238980,681,0,152,Brunswick
61,106261386285,238981,681,0,152,Brunswick
61,106560526080,239014,699,0,152,Brunswick
61,100160876087,239016,699,0,152,Brunswick
61,106560956108,239018,699,0,152,Brunswick
61,106561156123,239020,699,0,152,Brunswick
61,106262867039,238982,681,0,152,Brunswick
61,106562907039,239030,699,0,152,Brunswick
61,106562907039,239035,698,1,153,Boston
61,106461306130,239022,699,0,152,Brunswick
61,106561366137,239023,699,0,152,Brunswick
61,106561436151,239024,699,0,152,Brunswick
61,106561586193,239026,699,0,152,Brunswick
61,106462006200,239028,699,0,152,Brunswick
61,106562076284,239029,699,0,152,Brunswick
61,206560396137,239033,698,1,153,Boston
61,106561436284,239034,698,1,153,Boston
40751,106460817039,239049,2274,0,327,Boston
88,106460817039,239057,166,0,264,Boston
88,106560807039,239067,161,1,260,Washington
88,109760456047,239064,161,1,260,Washington
88,106260486072,239065,161,1,260,Washington
88,106560526074,239066,161,1,260,Washington
75,212760396064,239092,27,0,241,Portland
75,100260656065,239093,27,0,241,Portland
75,112760676121,239095,27,0,241,Portland
75,212760396064,239099,7,0,184,Seattle
75,100260656065,239100,7,0,184,Seattle
75,112760676121,239102,7,0,184,Seattle
75,212760396064,239116,8,1,186,Chicago
75,100260656065,239117,8,1,186,Chicago
75,112760676121,239119,8,1,186,Chicago
75,112761227039,239096,27,0,241,Portland
75,112761227039,239103,7,0,184,Seattle
40751,106460817039,239110,2265,1,324,Washington
75,112761227039,239120,8,1,186,Chicago
75,112761227039,239135,28,1,243,Chicago
75,212760396064,239131,28,1,243,Chicago
75,100260656065,239132,28,1,243,Chicago
75,112760676121,239134,28,1,243,Chicago
87,112760677039,239140,22,1,274,Chicago
87,112760677039,239150,21,0,272,San Antonio
87,212760396065,239138,22,1,274,Chicago
87,100160666066,239139,22,1,274,Chicago
87,212760396065,239148,21,0,272,San Antonio
87,100160666066,239149,21,0,272,San Antonio
41044,306560397039,239153,499,1,320,Springfield
41044,306560397039,239157,488,0,316,Greenfield
41044,103260476047,239154,499,1,320,Springfield
41044,103260476047,239158,488,0,316,Greenfield
42954,306560397039,239167,6156,1,,Virginia Beach
42948,306560397039,239195,3652,1,,New London
42948,306560397039,239198,3699,0,,New Haven
42948,306560397039,239201,3655,0,,New Haven
42948,306560397039,239204,3663,0,,New Haven
42948,306560397039,239207,3644,1,,New London
42948,306560397039,239210,3034,1,,New London
42948,306260397039,239213,1633,0,,New Haven
42948,306560397039,239219,3618,1,,New London
42948,306260397039,239226,1606,1,,New London
42948,306260397039,239235,1645,0,,New Haven
42948,306260397039,239238,1600,1,,New London
42948,306260397039,239241,1604,1,,New London
42948,306260397039,239245,1659,0,,New Haven
42991,312760397039,239275,1340,1,337,Chicago
42991,312760397039,239278,1333,0,338,St. Paul
94,106261527039,239307,641,0,23,Harrisburg
94,106261527039,239314,642,1,21,New York
94,106260487039,239319,605,0,25,Harrisburg
94,106261527039,239338,643,0,23,Harrisburg
94,106261527039,239344,600,1,21,New York
94,106261527039,239351,646,1,21,New York
94,106261527039,239358,640,1,21,New York
94,206260396044,239303,641,0,23,Harrisburg
94,106260756149,239306,641,0,23,Harrisburg
94,206260396044,239310,642,1,21,New York
94,106260486072,239312,642,1,22,Philadelphia
94,106260756149,239313,642,1,21,New York
94,206260396044,239317,605,0,25,Harrisburg
94,206260396044,239335,643,0,23,Harrisburg
94,112760456074,239336,643,0,25,Harrisburg
94,106260756149,239337,643,0,23,Harrisburg
94,206260396044,239341,600,1,21,New York
94,112760456074,239342,600,1,22,Philadelphia
94,106260756149,239343,600,1,21,New York
94,206260396044,239347,646,1,21,New York
94,106260486072,239349,646,1,22,Philadelphia
94,106260756149,239350,646,1,21,New York
94,206260396044,239354,640,1,21,New York
94,106260486072,239356,640,1,22,Philadelphia
94,106260756149,239357,640,1,21,New York
86,312760397039,239376,821,1,17,Fort Worth
86,312760397039,239379,822,0,18,Oklahoma City
36923,112760677039,239403,19,1,242,New Orleans
36923,100360727039,239418,20,0,244,New York
36923,112460757039,239419,20,0,244,New York
36923,212060396042,239398,19,1,135,Atlanta
36923,200760396065,239399,19,1,242,New Orleans
36923,106460466046,239400,19,1,242,New Orleans
36923,112060476063,239401,19,1,135,Atlanta
36923,100160666066,239402,19,1,242,New Orleans
36923,206060396043,239409,20,0,134,New York
36923,200360396065,239410,20,0,244,New York
36923,106460466046,239412,20,0,244,New York
36923,103260476047,239413,20,0,244,New York
36923,106060486064,239414,20,0,134,New York
36923,106460536060,239415,20,0,244,New York
36923,100160666066,239416,20,0,244,New York
36923,112460676074,239417,20,0,244,New York
88,112760967039,239438,151,1,392,Roanoke
88,112460477039,239444,67,1,84,Newport News
88,106260757039,239462,86,0,90,Boston
88,106260757039,239468,136,0,258,Springfield
90,106260757039,239474,56,0,191,St Albans
88,106260757039,239480,190,0,356,Boston
88,212760396095,239437,151,1,392,Roanoke
88,212460396043,239442,67,1,84,Newport News
88,206260396044,239459,86,0,90,Boston
88,206260396044,239465,136,0,258,Springfield
90,206260396044,239471,56,0,191,St Albans
88,206260396044,239477,190,0,356,Boston
88,312760397039,239484,66,0,343,Boston
88,106260757039,239490,172,0,264,Boston
88,106260757039,239503,94,0,341,Boston
42951,312760397039,239272,300,0,254,Chicago
88,206260396044,239487,172,0,264,Boston
88,206260396044,239499,94,0,341,Boston
88,106560456074,239500,94,0,,Washington
88,103260476047,239501,94,0,,Washington
88,106260486072,239502,94,0,,Washington
88,106260757039,239560,183,1,267,Washington
88,106260757039,239571,141,1,259,Washington
88,106260757039,239583,196,0,237,New York
88,106260757039,239595,148,0,258,Springfield
88,206260396044,239557,183,1,267,Washington
88,206260396044,239568,141,1,259,Washington
88,206260396044,239580,196,0,237,New York
88,206260396044,239592,148,0,258,Springfield
88,106260967039,239602,186,0,393,Philadelphia
88,206260396044,239598,186,0,393,Philadelphia
88,106260756093,239601,186,0,393,Philadelphia
90,106260757039,239614,55,1,190,Washington
90,206260396044,239611,55,1,190,Washington
88,106260757039,239632,129,1,267,Washington
40751,106260757039,239638,2190,0,325,Boston
88,206260396044,239629,129,1,267,Washington
40751,206260396044,239635,2190,0,325,Boston
42954,306260397039,239706,6093,0,,Newport News
42954,306260397039,239715,6125,1,,Virginia Beach
42954,306260397039,239718,6193,1,,Virginia Beach
42954,306260397039,239727,6438,0,,Norfolk
88,106260757039,239733,125,1,346,Newport News
88,106260757039,239739,171,1,344,Roanoke
42954,306260397039,239742,6094,0,,Norfolk
42954,306260397039,239745,6095,1,,Virginia Beach
42954,306260397039,239748,6186,0,,Newport News
88,206260396044,239730,125,1,346,Newport News
88,206260396044,239736,171,1,344,Roanoke
36921,312760397039,239751,239,0,248,Rensselaer
88,106260757039,239757,95,1,342,Norfolk
88,206260396044,239754,95,1,342,Norfolk
41044,106260487039,239818,471,1,,New Haven
41042,106260487039,239828,470,0,319,Springfield
42954,306260397039,239976,6067,1,,Virginia Beach
41044,206260396044,239816,471,1,,New Haven
41042,206260396044,239826,470,0,319,Springfield
88,106460817039,239845,100,0,237,New York
88,106260757039,239851,93,1,342,Norfolk
88,206260396044,239848,93,1,342,Norfolk
88,206260396044,240009,137,1,260,Washington
88,206260396044,240021,170,0,264,Boston
88,106260757039,240012,137,1,260,Washington
88,106260757039,240024,170,0,264,Boston
88,106260757039,240077,192,0,237,New York
94,106261527039,240091,648,1,21,New York
84,306260397039,240647,540,1,59,Sacramento
42954,112761437039,240657,5919,0,,Bakersfield
42954,312760397039,240663,5912,1,,Santa Monica
42954,212760396141,240655,5919,0,,Bakersfield
42954,100261426142,240656,5919,0,,Bakersfield
42954,312760397039,240679,5917,0,,Bakersfield
42948,106560807039,240705,3645,0,,New Haven
42948,106260757039,240708,1695,0,,New Haven
42948,106260757039,240711,1687,0,,New Haven
42948,106260757039,240714,1667,0,,New Haven
42948,106560456074,240704,3645,0,,New Haven
42948,206260396044,240706,1695,0,,New Haven
42948,106260476072,240707,1695,0,,New Haven
42948,206260396044,240709,1687,0,,New Haven
42948,106260476072,240710,1687,0,,New Haven
42948,206260396044,240712,1667,0,,New Haven
42948,106260476072,240713,1667,0,,New Haven
42948,106260757039,240718,1602,1,,New London
42948,106560807039,240721,3692,1,,New London
42948,106260757039,240724,1640,1,,New London
42948,106260757039,240727,1634,1,,New London
42948,206260396044,240716,1602,1,,New London
42948,106260476072,240717,1602,1,,New London
42948,106560456074,240720,3692,1,,New London
42948,206260396044,240722,1640,1,,New London
42948,106260476072,240723,1640,1,,New London
42948,206260396044,240725,1634,1,,New London
80,306560397039,240615,355,0,53,Chicago
80,306260397039,240617,355,0,53,Chicago
42948,106260757039,240625,1637,0,,New Haven
42948,206260396044,240623,1637,0,,New Haven
42948,106260476072,240624,1637,0,,New Haven
42948,106260476072,240726,1634,1,,New London
42994,112760987039,240753,41,1,384,Miami
42994,112760987039,240765,40,0,385,Chicago
42994,212760396050,240746,41,1,384,Miami
42994,112760536064,240749,41,1,384,Miami
42994,100260656065,240750,41,1,384,Miami
42994,112760676097,240752,41,1,384,Miami
42994,212760396050,240758,40,0,385,Chicago
42994,112760536064,240761,40,0,385,Chicago
42994,100260656065,240762,40,0,385,Chicago
42994,112760676097,240764,40,0,385,Chicago
36921,112760757039,240767,232,1,245,New York
36921,212760396074,240766,232,1,245,New York
68,112760757039,240771,64,1,198,New York
68,212760396074,240770,64,1,198,New York
40751,106260757039,240860,2155,1,324,Washington
40751,206260396044,240857,2155,1,324,Washington
40751,106260757039,240866,2107,1,326,Washington
40751,106260757039,240878,2170,0,327,Boston
40751,106260757039,240907,2126,0,328,New York
40751,206260396044,240863,2107,1,326,Washington
40751,206260396044,240875,2170,0,327,Boston
40751,206260396044,240905,2126,0,328,New York
88,106260757039,240922,181,1,267,Washington
88,206260396044,240919,181,1,267,Washington
40751,206260396044,240933,2121,1,326,Washington
40751,106260757039,240936,2121,1,326,Washington
40751,106260757039,240942,2108,0,328,New York
40751,206260396044,240939,2108,0,328,New York
94,106261527039,240955,655,0,23,Harrisburg
42946,112760677039,240308,58,0,74,Chicago
42946,112760677039,240313,59,1,73,New Orleans
42946,212760396065,240306,58,0,74,Chicago
42946,100160666066,240307,58,0,74,Chicago
42946,212760396065,240311,59,1,73,New Orleans
42946,100160666066,240312,59,1,73,New Orleans
42954,307460397039,240326,4051,0,,Charlottesville
42954,307460397039,240358,4050,1,,Richmond
61,106262867039,240422,684,1,153,Boston
61,206260396076,240418,684,1,153,Boston
61,100860776077,240419,684,1,,Boston
61,106260786135,240420,684,1,153,Boston
61,106261386285,240421,684,1,153,Boston
94,106260757039,240441,639,0,24,Philadelphia
94,206260396044,240438,639,0,24,Philadelphia
94,106261527039,240462,652,1,21,New York
94,206260396044,240459,652,1,21,New York
94,112760456074,240460,652,1,22,Philadelphia
94,106260756149,240461,652,1,21,New York
41044,106260487039,240473,495,1,,New Haven
41044,206260396044,240471,495,1,,New Haven
40751,206260396044,240479,2162,0,327,Boston
40751,206260396044,240485,2193,1,,New York
40751,106260757039,240482,2162,0,327,Boston
40751,106260757039,240490,2193,1,,New York
40751,100160807039,240502,2214,0,328,New York
40751,106260486072,240501,2214,0,328,New York
88,206260396044,240074,192,0,237,New York
94,206260396044,240086,648,1,21,New York
94,106560456074,240087,648,1,21,New York
94,103260476047,240088,648,1,21,New York
94,106260486072,240089,648,1,21,New York
94,106260756149,240090,648,1,21,New York
61,106262867039,240145,682,1,153,Boston
61,106262867039,240152,683,0,152,Brunswick
61,306260397039,240156,680,1,153,Boston
61,206260396135,240143,682,1,153,Boston
61,106261386285,240144,682,1,153,Boston
61,206260396076,240148,683,0,152,Brunswick
61,100860776077,240149,683,0,,Wells
61,106260786135,240150,683,0,152,Brunswick
61,106261386285,240151,683,0,152,Brunswick
88,106260757039,240162,185,1,267,Washington
88,106260757039,240168,110,0,388,New York
88,206260396044,240159,185,1,267,Washington
88,206260396044,240165,110,0,388,New York
87,107460707039,240214,422,1,195,Chicago
87,108260677039,240218,421,0,193,Los Angeles
36930,104160687039,240221,1,0,269,Los Angeles
36930,107460707039,240229,2,1,271,New Orleans
87,207460396065,240212,422,1,195,Chicago
87,106460676067,240213,422,1,195,Chicago
87,208260396062,240216,421,0,193,Los Angeles
87,100260656065,240217,421,0,193,Los Angeles
36930,204160396063,240219,1,0,269,Los Angeles
36930,100160666066,240220,1,0,269,Los Angeles
36930,207460396065,240227,2,1,271,New Orleans
36930,106460676067,240228,2,1,271,New Orleans
36921,312760397039,240237,240,1,245,New York
61,106262867039,240251,688,1,153,Boston
61,206260396076,240247,688,1,153,Boston
61,100860776077,240248,688,1,,Boston
61,106260786135,240249,688,1,153,Boston
61,106261386285,240250,688,1,153,Boston
58,102160697039,240268,50,1,187,New York
58,107460707039,240272,51,0,188,Chicago
58,202160396064,240266,50,1,187,New York
58,100160666066,240267,50,1,187,New York
58,207460396067,240271,51,0,188,Chicago
84,306560397039,241423,749,0,61,Oakland
88,106560807039,241508,128,0,349,New York
88,109760456047,241506,128,0,237,New York
88,112760486074,241507,128,0,237,New York
88,300160397039,241509,144,0,388,New York
88,109660466047,241510,144,0,388,New York
88,106260486072,241511,144,0,388,New York
88,106460536074,241512,144,0,388,New York
40751,106260486072,241513,2215,1,326,Washington
40751,106260486072,241515,2206,0,328,New York
81,112760677039,241547,49,0,128,Chicago
81,212760396065,241545,49,0,128,Chicago
81,100160666066,241546,49,0,128,Chicago
81,112760677039,241552,48,1,127,New York
81,112760677039,241557,448,1,126,Boston
81,112760677039,241562,449,0,125,Chicago
81,212760396065,241550,48,1,127,New York
81,100160666066,241551,48,1,127,New York
81,212760396065,241555,448,1,126,Boston
81,100160666066,241556,448,1,126,Boston
81,212760396065,241560,449,0,125,Chicago
81,100160666066,241561,449,0,125,Chicago
40751,106260757039,240961,2163,1,324,Washington
40751,206260396044,240958,2163,1,324,Washington
88,100360797039,240966,65,1,84,Newport News
88,200360396044,240963,65,1,84,Newport News
88,100360456073,240964,65,1,84,Newport News
88,106460466046,240965,65,1,84,Newport News
94,206260396044,240952,655,0,23,Harrisburg
94,112760456074,240953,655,0,23,Harrisburg
94,106260756149,240954,655,0,23,Harrisburg
69,112760987039,240984,89,1,103,Savannah
69,112760987039,240990,90,0,104,New York
69,212760396044,240980,89,1,103,Savannah
69,112760456067,240981,89,1,103,Savannah
69,112760686074,240982,89,1,103,Savannah
69,112760756097,240983,89,1,103,Savannah
69,212760396044,240987,90,0,104,New York
69,112760456074,240988,90,0,104,New York
69,112760756097,240989,90,0,104,New York
40751,100160807039,241007,2249,1,324,Washington
40751,100160456073,241002,2249,1,324,Washington
40751,106460466046,241003,2249,1,324,Washington
40751,103260476047,241004,2249,1,324,Washington
40751,106260486072,241005,2249,1,324,Washington
40751,106460536074,241006,2249,1,324,Washington
40751,100160807039,241019,2201,1,326,Washington
40751,112760456074,241018,2201,1,326,Washington
42954,112760407039,241106,4104,1,,Merced
42954,112760407039,241110,4119,0,,San Jose
41042,206260396044,241137,474,0,319,Springfield
41042,106260487039,241139,474,0,319,Springfield
41042,106260487039,241147,417,1,318,New Haven
41042,206260396044,241145,417,1,318,New Haven
80,306560397039,241163,354,1,52,Pontiac
80,306260397039,241165,354,1,52,Pontiac
79,112761217039,241306,76,1,107,Raleigh
79,112761217039,241310,75,0,108,Charlotte
79,112761217039,241337,71,0,108,Charlotte
79,212760396120,241305,76,1,107,Raleigh
79,212760396120,241309,75,0,108,Charlotte
79,212760396120,241336,71,0,108,Charlotte
85,107061217039,241352,80,0,177,New York
85,105761227039,241353,80,0,177,New York
85,205760396047,241344,80,0,177,New York
85,207060396046,241345,80,0,177,New York
85,105760486066,241346,80,0,177,New York
85,107060506067,241347,80,0,177,New York
85,105760686097,241348,80,0,177,New York
85,107060716095,241349,80,0,177,New York
85,105760986119,241350,80,0,177,New York
85,107060996120,241351,80,0,177,New York
41042,306560397039,241356,405,1,318,New Haven
41042,103260476047,241357,405,1,318,New Haven
40751,106560456074,241358,2220,0,328,New York
40751,103260476047,241359,2220,0,328,New York
40751,106260486072,241360,2220,0,328,New York
79,112761217039,241366,77,0,108,Charlotte
79,112761217039,241371,78,1,107,Raleigh
79,212760396120,241365,77,0,108,Charlotte
79,212760396120,241370,78,1,107,Raleigh
41044,306560397039,241213,461,1,315,New Haven
41044,103260476047,241214,461,1,315,New Haven
40751,106460817039,241240,2295,1,,New York
40751,106460817039,241244,2256,0,327,Boston
40751,106460817039,241258,2222,0,328,New York
40751,106460817039,241262,2207,1,326,Washington
40751,106260486072,241256,2222,0,328,New York
42954,306560397039,241266,6087,0,,Newport News
42954,306560397039,241269,6065,1,,Virginia Beach
42954,306560397039,241271,6124,0,,Newport News
42954,306560397039,241278,6155,1,,Newport News
42954,306560397039,241280,6128,0,,Norfolk
42954,306560397039,241283,6187,1,,Virginia Beach
42954,306560397039,241295,6099,1,,Virginia Beach
42954,306560397039,241297,6158,0,,Norfolk
41044,106260757039,241596,425,1,320,Springfield
41044,206260396044,241593,425,1,320,Springfield
41044,106260486072,241595,425,1,320,Springfield
40751,106560807039,241602,2259,1,324,Washington
90,106560807039,241613,54,0,191,St Albans
90,109760456047,241610,54,0,191,St Albans
90,106260486072,241611,54,0,191,St Albans
90,106560526074,241612,54,0,191,St Albans
90,106560807039,241625,57,1,190,Washington
90,106560456074,241622,57,1,190,Washington
90,103260476047,241623,57,1,190,Washington
90,106260486072,241624,57,1,190,Washington
42958,312760397039,241674,6189,1,,Jacksonville
42958,312760397039,241678,6190,0,,Wilson
42958,312760397039,241682,6089,1,,Swansboro
42958,312760397039,241686,6090,0,,Wilson
36921,112760757039,241687,230,1,245,New York
88,106260757039,241693,173,1,260,Washington
88,106260757039,241698,119,1,267,Washington
88,106260757039,241703,130,0,237,New York
88,106260757039,241709,176,0,264,Boston
88,106260406044,241690,173,1,260,Washington
88,106260406044,241695,119,1,267,Washington
88,106260406044,241700,130,0,237,New York
88,106260406044,241706,176,0,264,Boston
88,106260757039,241715,113,1,267,Washington
88,106260757039,241721,84,0,237,New York
88,106260757039,241726,112,0,237,New York
88,106260757039,241731,111,1,267,Washington
88,106260757039,241736,182,0,237,New York
88,106260406044,241713,113,1,267,Washington
88,106260406044,241718,84,0,237,New York
88,106260406044,241723,112,0,237,New York
88,106260406044,241728,111,1,267,Washington
88,106260406044,241733,182,0,237,New York
94,106260967039,241743,607,0,23,Harrisburg
94,106260487039,241749,601,0,25,Harrisburg
94,106261527039,241758,644,1,21,New York
88,106260757039,241765,131,1,267,Washington
94,106260406044,241740,607,0,23,Harrisburg
94,112760456074,241741,607,0,23,Harrisburg
94,106260756093,241742,607,0,23,Harrisburg
94,106260406044,241747,601,0,25,Harrisburg
94,106260406044,241753,644,1,21,New York
94,106560456074,241754,644,1,21,New York
94,103260476047,241755,644,1,21,New York
94,106260486072,241756,644,1,21,New York
94,106260756149,241757,644,1,21,New York
88,106260406044,241762,131,1,267,Washington
88,106260757039,241784,178,0,343,Boston
88,206260396044,241781,178,0,343,Boston
88,106260757039,241790,138,0,349,New York
88,206260396044,241787,138,0,349,New York
88,106260757039,241796,193,1,267,Washington
88,206260396044,241793,193,1,267,Washington
40751,106260757039,241812,2153,1,324,Washington
40751,106260757039,241831,2168,0,327,Boston
40751,106260406044,241809,2153,1,324,Washington
40751,106260406044,241828,2168,0,327,Boston
40751,106260757039,241838,2150,0,327,Boston
40751,106260757039,241844,2171,1,324,Washington
40751,106260406044,241835,2150,0,327,Boston
40751,106260406044,241842,2171,1,324,Washington
36921,112760757039,241863,243,0,248,Rensselaer
36921,106260406044,241860,243,0,248,Rensselaer
36921,106260486072,241862,243,0,248,Rensselaer
36949,312760397039,241878,291,0,371,Burlington
41044,106260487039,241906,478,0,,Springfield
41044,206260396044,241904,478,0,,Springfield
77,112760677039,241920,52,0,6,Lorton
77,212760396065,241918,52,0,6,Lorton
77,100160666066,241919,52,0,6,Lorton
77,112760677039,241925,53,1,5,Sanford
77,212760396065,241923,53,1,5,Sanford
77,100160666066,241924,53,1,5,Sanford
78,112760547039,241937,564,1,101,San Diego
78,212760396051,241935,564,1,101,San Diego
78,106560526053,241936,564,1,,San Juan Capistrano
78,112760547039,241955,770,1,151,San Diego
78,112760547039,241958,774,1,146,San Diego
78,212760396051,241953,770,1,151,San Diego
78,106560526053,241954,770,1,,San Juan Capistrano
78,212760396051,241956,774,1,146,San Diego
78,106560526053,241957,774,1,,San Juan Capistrano
78,112760547039,241964,782,1,151,San Diego
78,212760396051,241962,782,1,151,San Diego
78,106560526053,241963,782,1,,San Juan Capistrano
78,112760547039,241985,586,1,101,San Diego
78,212760396051,241983,586,1,101,San Diego
78,106560526053,241984,586,1,,San Juan Capistrano
78,112760547039,242029,769,0,149,Goleta
78,212760396051,242027,769,0,149,Goleta
78,106560526053,242028,769,0,,Goleta
36949,312760397039,242038,290,1,370,New York
78,112760547039,242047,785,0,149,Goleta
78,112760547039,242050,777,0,148,San Luis Obispo
78,212760396051,242045,785,0,149,Goleta
78,106560526053,242046,785,0,,Goleta
78,212760396051,242048,777,0,148,San Luis Obispo
78,106560526053,242049,777,0,,San Luis Obispo
78,112760547039,242068,591,0,102,Los Angeles
78,212760396051,242066,591,0,102,Los Angeles
78,106560526053,242067,591,0,,Los Angeles
78,112760547039,242088,580,1,101,San Diego
78,112760547039,242091,562,1,101,San Diego
78,212760396051,242086,580,1,101,San Diego
78,106560526053,242087,580,1,,San Juan Capistrano
78,212760396051,242089,562,1,101,San Diego
78,106560526053,242090,562,1,,Irvine
78,112760547039,242094,581,0,102,Los Angeles
78,112760547039,242097,595,0,102,Los Angeles
78,212760396051,242092,581,0,102,Los Angeles
78,106560526053,242093,581,0,,Los Angeles
78,212760396051,242095,595,0,102,Los Angeles
78,106560526053,242096,595,0,,Los Angeles
78,112760547039,242107,794,1,146,San Diego
78,112760547039,242114,790,1,151,San Diego
78,103260406040,242104,794,1,366,Solana Beach
78,112760416050,242105,794,1,146,San Diego
78,106760516053,242106,794,1,147,Los Angeles
78,103260406040,242111,790,1,368,Solana Beach
78,112760416051,242112,790,1,151,San Diego
78,106560526053,242113,790,1,,San Juan Capistrano
78,112760547039,242120,765,0,148,San Luis Obispo
78,112760547039,242125,761,0,149,Goleta
78,103260406040,242116,765,0,148,San Luis Obispo
78,101660416041,242117,765,0,367,San Luis Obispo
78,112760426051,242118,765,0,148,San Luis Obispo
78,106560526053,242119,765,0,,San Luis Obispo
78,212760396040,242121,761,0,149,Goleta
78,101660416041,242122,761,0,369,Goleta
78,112760426051,242123,761,0,149,Goleta
78,106560526053,242124,761,0,,Goleta
78,112760547039,242145,593,0,102,Los Angeles
78,212760396050,242142,593,0,102,Los Angeles
78,106560526053,242144,593,0,,Los Angeles
78,112760547039,242148,588,1,101,San Diego
78,112760547039,242151,587,0,102,Los Angeles
78,112760547039,242154,584,1,101,San Diego
78,112760547039,242157,567,0,102,Los Angeles
78,112760547039,242160,572,1,101,San Diego
78,112760547039,242163,573,0,102,Los Angeles
78,112760547039,242166,566,1,101,San Diego
78,112760547039,242169,579,0,102,Los Angeles
78,212760396051,242146,588,1,101,San Diego
78,212760396051,242149,587,0,102,Los Angeles
78,212760396051,242152,584,1,101,San Diego
78,212760396051,242155,567,0,102,Los Angeles
78,212760396051,242158,572,1,101,San Diego
78,212760396051,242161,573,0,102,Los Angeles
78,212760396051,242164,566,1,101,San Diego
78,212760396051,242167,579,0,102,Los Angeles
36921,112760757039,242389,245,0,248,Rensselaer
95,112760757039,242393,69,0,4,Montreal
95,112760417039,242397,68,1,3,New York
36921,112760407039,242400,244,1,245,New York
36921,106560456074,242387,245,0,248,Rensselaer
36921,103260476047,242388,245,0,248,Rensselaer
95,112760406074,242392,69,0,4,Montreal
95,209760396040,242396,68,1,,New York
88,100160807039,242439,106,0,237,New York
88,100160456073,242435,106,0,237,New York
88,106460466074,242436,106,0,237,New York
88,103260476047,242437,106,0,237,New York
88,106260486072,242438,106,0,237,New York
88,106560807039,242467,160,0,264,Boston
88,106560456046,242460,160,0,264,Boston
88,103260476047,242461,160,0,264,Boston
88,106260486055,242462,160,0,264,Boston
88,106560526053,242463,160,0,264,Boston
88,100860566056,242464,160,0,264,Boston
88,106260576072,242465,160,0,264,Boston
88,106560596074,242466,160,0,264,Boston
88,106560807039,242474,103,1,267,Washington
88,106560807039,242481,153,1,267,Washington
88,109760456047,242470,103,1,267,Washington
88,106260486072,242471,103,1,267,Washington
88,106560526053,242472,103,1,267,Washington
88,106560596074,242473,103,1,267,Washington
88,109760456047,242477,153,1,267,Washington
88,106260486072,242478,153,1,267,Washington
88,106560526053,242479,153,1,267,Washington
88,106560596074,242480,153,1,267,Washington
88,106560807039,242498,146,0,258,Springfield
88,103360456047,242495,146,0,258,Springfield
88,106560466074,242496,146,0,258,Springfield
88,106260486072,242497,146,0,258,Springfield
88,106560807039,242508,140,0,258,Springfield
88,106560456074,242505,140,0,258,Springfield
88,103260476047,242506,140,0,258,Springfield
88,106260486072,242507,140,0,258,Springfield
79,112761217039,242554,73,0,108,Charlotte
79,112761217039,242559,72,1,107,Raleigh
61,106262867039,242580,685,0,152,Brunswick
79,104860406041,242552,73,0,108,Charlotte
79,112760426120,242553,73,0,108,Charlotte
79,104860406041,242557,72,1,107,Raleigh
79,112760426120,242558,72,1,107,Raleigh
61,206260396076,242576,685,0,152,Brunswick
61,100860776077,242577,685,0,,Wells
61,106260786135,242578,685,0,152,Brunswick
61,106261386285,242579,685,0,152,Brunswick
88,106560807039,242586,87,1,342,Norfolk
88,106560456074,242583,87,1,342,Norfolk
42954,112762847039,242195,5710,1,,Los Angeles
42954,212760396163,242191,5710,1,,Los Angeles
42954,100161646164,242192,5710,1,,Los Angeles
42954,112761656282,242193,5710,1,,Los Angeles
42954,100162836283,242194,5710,1,,Los Angeles
42954,112762847039,242202,5810,1,,Los Angeles
42954,112762847039,242209,6610,1,,Emeryville
42954,112762847039,242223,3910,1,,Stockton
42954,112762847039,242230,6510,1,,Martinez
42954,112762847039,242238,5910,1,,Santa Monica
42954,112762847039,242245,3710,1,,Stockton
42954,112762847039,242252,3810,1,,Stockton
42954,212760396163,242198,5810,1,,Los Angeles
42954,100161646164,242199,5810,1,,Los Angeles
42954,112761656282,242200,5810,1,,Los Angeles
42954,100162836283,242201,5810,1,,Los Angeles
42954,212760396163,242205,6610,1,,Emeryville
42954,100161646164,242206,6610,1,,Emeryville
42954,112761656282,242207,6610,1,,Emeryville
42954,100162836283,242208,6610,1,,Emeryville
42954,212760396163,242219,3910,1,,Stockton
42954,100161646164,242220,3910,1,,Stockton
42954,112761656282,242221,3910,1,,Stockton
42954,100162836283,242222,3910,1,,Stockton
42954,212760396163,242226,6510,1,,Martinez
42954,100161646164,242227,6510,1,,Martinez
42954,112761656282,242228,6510,1,,Martinez
42954,100162836283,242229,6510,1,,Martinez
42954,212760396163,242234,5910,1,,Santa Monica
42954,100161646164,242235,5910,1,,Santa Monica
42954,112761656282,242236,5910,1,,Santa Monica
42954,100162836283,242237,5910,1,,Santa Monica
42954,212760396163,242241,3710,1,,Stockton
42954,100161646164,242242,3710,1,,Stockton
42954,112761656282,242243,3710,1,,Stockton
42954,100162836283,242244,3710,1,,Stockton
42954,212760396163,242248,3810,1,,Stockton
42954,100161646164,242249,3810,1,,Stockton
42954,112761656282,242250,3810,1,,Stockton
42954,100162836283,242251,3810,1,,Stockton
40751,100160456073,242255,2218,0,328,New York
40751,109660466047,242256,2218,0,328,New York
40751,106260486072,242257,2218,0,328,New York
40751,106460536074,242258,2218,0,328,New York
40751,109760456047,242262,2250,0,327,Boston
40751,106260486072,242263,2250,0,327,Boston
40751,106560526074,242264,2250,0,327,Boston
40751,100160456073,242269,2271,1,324,Washington
40751,109660466047,242270,2271,1,324,Washington
40751,106260486072,242271,2271,1,324,Washington
40751,100160807039,242259,2218,0,328,New York
40751,100160807039,242265,2250,0,327,Boston
40751,106460817039,242266,2250,0,327,Boston
40751,100160807039,242273,2271,1,324,Washington
40751,106460817039,242274,2271,1,324,Washington
40751,106560807039,242279,2248,0,327,Boston
40751,106460536074,242272,2271,1,324,Washington
40751,109760456047,242276,2248,0,327,Boston
40751,106260486072,242277,2248,0,327,Boston
40751,106560526074,242278,2248,0,327,Boston
40751,106260486072,242280,2223,1,326,Washington
40751,106260486072,242281,2233,1,326,Washington
42957,312760397039,242300,380,1,,Chicago
85,212760396044,242358,79,1,178,Charlotte
85,112760456067,242359,79,1,178,Charlotte
85,112760686074,242360,79,1,178,Charlotte
85,112760756097,242361,79,1,178,Charlotte
85,112760986120,242362,79,1,178,Charlotte
36921,112760407039,242353,238,1,245,New York
36921,112760407039,242355,235,0,248,Rensselaer
85,112761217039,242363,79,1,178,Charlotte
36921,112760407039,242366,236,1,245,New York
94,206260396044,242371,649,0,23,Harrisburg
94,106560456074,242372,649,0,23,Harrisburg
94,103260476047,242373,649,0,23,Harrisburg
94,106260486072,242374,649,0,23,Harrisburg
94,106260756149,242375,649,0,23,Harrisburg
94,106261527039,242376,649,0,23,Harrisburg
94,106261527039,242382,651,0,23,Harrisburg
36921,112760407039,242385,233,0,248,Rensselaer
94,206260396044,242377,651,0,23,Harrisburg
94,106560456074,242378,651,0,23,Harrisburg
94,103260476047,242379,651,0,23,Harrisburg
94,106260486072,242380,651,0,23,Harrisburg
94,106260756149,242381,651,0,23,Harrisburg
88,106560597039,242744,150,0,356,Boston
88,109760456047,242741,150,0,356,Boston
88,106260486072,242742,150,0,356,Boston
88,106560526053,242743,150,0,356,Boston
40751,106460817039,242749,2292,0,325,Boston
88,106560807039,242755,135,1,260,Washington
40751,106460817039,242760,2257,1,324,Washington
88,109760456047,242752,135,1,260,Washington
88,106260486072,242753,135,1,260,Washington
88,106560526074,242754,135,1,260,Washington
40751,106460817039,242786,2290,0,325,Boston
42951,312760397039,242714,305,1,256,St. Louis
88,103260476047,242584,87,1,342,Norfolk
88,106260486072,242585,87,1,342,Norfolk
88,106560807039,242617,164,0,90,Boston
88,109760456047,242612,164,0,90,Boston
88,106260486055,242613,164,0,90,Boston
88,106560526074,242614,164,0,90,Boston
88,100860566056,242615,164,0,90,Boston
88,106260576072,242616,164,0,90,Boston
88,106560807039,242621,158,0,349,New York
88,106560807039,242627,124,0,393,Philadelphia
84,106560457039,242738,732,1,59,Sacramento
88,112760456074,242620,158,0,349,New York
88,106560456074,242624,124,0,393,Philadelphia
88,103260476047,242625,124,0,393,Philadelphia
88,106260486072,242626,124,0,393,Philadelphia
88,106560807039,242632,156,0,339,New York
88,106560456074,242629,156,0,339,New York
88,103260476047,242630,156,0,339,New York
88,106260486072,242631,156,0,339,New York
88,106560807039,242637,162,0,264,Boston
88,106560456074,242634,162,0,264,Boston
88,103260476047,242635,162,0,264,Boston
88,106260486072,242636,162,0,264,Boston
88,100160807039,242645,82,0,264,Boston
88,106560807039,242650,88,0,264,Boston
88,100160456073,242639,82,0,264,Boston
88,106460466046,242640,82,0,264,Boston
88,103260476047,242641,82,0,264,Boston
88,106260486055,242642,82,0,264,Boston
88,106460536074,242643,82,0,264,Boston
88,106260566072,242644,82,0,264,Boston
88,109760456047,242647,88,0,264,Boston
88,106260486072,242648,88,0,264,Boston
88,106560526074,242649,88,0,264,Boston
88,100160807039,242656,168,0,264,Boston
40751,306560397039,242658,2252,0,327,Boston
88,100160807039,242665,194,0,264,Boston
88,100160456073,242652,168,0,264,Boston
88,109660466047,242653,168,0,264,Boston
88,106260486072,242654,168,0,264,Boston
88,106460536074,242655,168,0,264,Boston
40751,103260476047,242659,2252,0,327,Boston
40751,106260486072,242660,2252,0,327,Boston
88,109760456047,242662,194,0,264,Boston
88,106260486072,242663,194,0,264,Boston
88,106560526074,242664,194,0,264,Boston
88,106560807039,242670,155,1,158,Norfolk
88,106560456074,242667,155,1,158,Norfolk
88,103260476047,242668,155,1,158,Norfolk
88,106260486072,242669,155,1,158,Norfolk
88,106560807039,242686,99,1,84,Newport News
88,109760456047,242682,99,1,84,Newport News
88,106260486056,242683,99,1,84,Newport News
88,106560526074,242684,99,1,84,Newport News
88,106260576072,242685,99,1,84,Newport News
60,312760397039,242693,516,0,375,Vancouver
64,112761527039,242699,42,1,106,New York
64,212760396044,242696,42,1,106,New York
64,112760456074,242697,42,1,106,New York
64,112760756151,242698,42,1,106,New York
64,112761527039,242705,43,0,105,Pittsburgh
64,212760396044,242702,43,0,105,Pittsburgh
64,112760456074,242703,43,0,105,Pittsburgh
64,112760756151,242704,43,0,105,Pittsburgh
41042,106260487039,242710,490,0,319,Springfield
41042,106260406044,242708,490,0,319,Springfield
60,312760397039,242711,519,1,297,Seattle
40751,106460817039,242790,2228,0,328,New York
40751,106560807039,242796,2255,1,324,Washington
40751,106560456074,242793,2255,1,324,Washington
40751,103260476047,242794,2255,1,324,Washington
40751,106260486072,242795,2255,1,324,Washington
40751,106460817039,242803,2226,0,328,New York
40751,106260757039,242829,2117,1,326,Washington
40751,106060757039,242835,2124,0,328,New York
40751,106260757039,242842,2104,0,328,New York
40751,106260757039,242848,2159,1,324,Washington
40751,106260757039,242854,2122,0,328,New York
40751,101460426044,242826,2117,1,326,Washington
40751,101460426044,242832,2124,0,328,New York
40751,100260796086,242836,2124,0,328,New York
40751,101460426044,242839,2104,0,328,New York
40751,101460426044,242845,2159,1,324,Washington
40751,101460426044,242851,2122,0,328,New York
40751,106260757039,242859,2192,0,325,Boston
40751,106260757039,242865,2166,0,327,Boston
40751,106260757039,242870,2109,1,326,Washington
40751,106260757039,242875,2167,1,324,Washington
40751,101460426044,242857,2192,0,325,Boston
40751,101460426044,242862,2166,0,327,Boston
40751,101460426044,242868,2109,1,326,Washington
40751,101460426044,242872,2167,1,324,Washington
